5
5 5  5  5  5  5
5 5  5  5  5  5
5 5 10 10 10 10
5 5 10 10 10 10
5 5 10 10 20 20
0 0  0  0  0  0
0 0  0  0  0  0
0 0  0  0  0  0
0 0  0  0  0  0
0 0  0  0  0  0
0 0  0  0  0  0

0 0 0 0 0 0 5 5 5 5 5 
0 0 0 0 0 0 5 5 5 5 5 
0 0 0 0 0 0 10 10 10 5 5 
0 0 0 0 0 0 10 10 10 5 5 
0 0 0 0 0 0 20 10 10 5 5 
0 0 0 0 0 0 20 10 10 5 5 

0 0 0 0 0 0 
0 0 0 0 0 0 
0 0 0 0 0 0 
0 0 0 0 0 0 
0 0 0 0 0 0 
0 0 0 0 0 0
5 5 10 10 20 20 
5 5 10 10 10 10 
5 5 10 10 10 10 
5 5  5  5  5  5 
5 5  5  5  5  5 

5 5  5  5  5 0 0 0 0 0 0
5 5  5  5  5 0 0 0 0 0 0
5 5 10 10 10 0 0 0 0 0 0
5 5 10 10 10 0 0 0 0 0 0
5 5 10 10 20 0 0 0 0 0 0
5 5 10 10 20 0 0 0 0 0 0

1 1 1 1 1 1
1 1 1 1 1 1
1 1 1 1 1 1
1 1 1 1 1 5
1 1 1 1 5 70
0 0 0 0 0 0
0 0 0 0 0 0
0 0 0 0 0 0
0 0 0 0 0 0
0 0 0 0 0 0
0 0 0 0 0 0

0 0 0 0 0 0  1 1 1 1 1
0 0 0 0 0 0  1 1 1 1 1
0 0 0 0 0 0  1 1 1 1 1
0 0 0 0 0 0  1 1 1 1 1
0 0 0 0 0 0  5 1 1 1 1
0 0 0 0 0 0 70 5 1 1 1 

0 0 0 0 0 0
0 0 0 0 0 0
0 0 0 0 0 0
0 0 0 0 0 0
0 0 0 0 0 0
0 0 0 0 0 0
1 1 1 1 5 70
1 1 1 1 1 5
1 1 1 1 1 1
1 1 1 1 1 1
1 1 1 1 1 1

1 1 1 1  1 0 0 0 0 0 0
1 1 1 1  1 0 0 0 0 0 0
1 1 1 1  1 0 0 0 0 0 0
1 1 1 1  1 0 0 0 0 0 0
1 1 1 1  5 0 0 0 0 0 0
1 1 1 5 70 0 0 0 0 0 0